1 0.625293609671848 0.4862857142857143 0.057305699481865285 0.11833333333333333
5 0.7388169257340241 0.5557619047619048 0.08371329879101899 0.12396825396825396
5 0.839853195164076 0.8881587301587301 0.17178756476683937 0.22368253968253965
12 0.6930569948186528 0.45336507936507936 0.03880829015544041 0.06838095238095238
12 0.19177029360967185 0.42558730158730157 0.04488773747841105 0.0413968253968254
15 0.44651122625215883 0.4613174603174603 0.050051813471502594 0.09695238095238096
15 0.5229360967184801 0.5057619047619047 0.06126943005181348 0.13506349206349208
5 0.4046286701208981 0.5684603174603174 0.07336787564766839 0.10809523809523809
11 0.16240932642487046 0.9318095238095238 0.07597582037996546 0.13638095238095238
11 0.878713298791019 0.6692698412698412 0.04570811744386874 0.11604761904761905
16 0.9754231433506044 0.49703174603174605 0.04915371329879102 0.13982539682539682