1 0.7811312607944731 0.5245238095238095 0.043963730569948185 0.09957142857142856
4 0.3467702936096719 0.6732380952380952 0.19599309153713299 0.25733333333333336
4 0.47544041450777197 0.5517936507936508 0.08545768566493954 0.13825396825396824
4 0.5410708117443869 0.4756031746031746 0.05781519861830743 0.07792063492063493
5 0.3446200345423143 0.49147619047619046 0.05006044905008635 0.043
5 0.5311485319516408 0.701015873015873 0.0846027633851468 0.10653968253968255
5 0.5194818652849741 0.6200634920634921 0.06472366148531952 0.06841269841269841
5 0.5881347150259066 0.7994444444444444 0.09149395509499136 0.151
5 0.6222452504317789 0.5708412698412698 0.045725388601036275 0.06841269841269841
12 0.5492746113989637 0.5803650793650793 0.03968911917098446 0.06841269841269841
5 0.4793264248704663 0.6772063492063491 0.062141623488773744 0.097
0 0.39556994818652846 0.7780158730158729 0.11914507772020726 0.16528571428571429