1 0.5118566493955096 0.7857142857142857 0.15858376511226252 0.37661904761904763
5 0.7548272884283247 0.8225079365079364 0.23158894645941278 0.3520952380952381
5 0.4313903281519862 0.4588730158730158 0.0745768566493955 0.13276190476190478
12 0.5106735751295337 0.45382539682539685 0.06359240069084629 0.11688888888888889
15 0.2712348877374784 0.393936507936508 0.058877374784110544 0.1414126984126984
5 0.17664075993091538 0.3838412698412698 0.05338514680483592 0.07792063492063493
16 0.7646373056994819 0.3787936507936508 0.11147668393782384 0.1543968253968254
17 0.01844559585492228 0.5678253968253969 0.035328151986183075 0.16882539682539682
11 0.3572020725388601 0.3751746031746032 0.018842832469775476 0.05771428571428571
3 0.3725043177892919 0.29653968253968255 0.030613126079447325 0.03896825396825397
3 0.42359240069084625 0.2997936507936508 0.02827288428324698 0.03368253968253968
3 0.46141623488773753 0.35657142857142854 0.015967184801381692 0.04138095238095238
3 0.07992227979274612 0.5827301587301588 0.03114853195164076 0.09719047619047619
3 0.12254749568221071 0.5258571428571429 0.03114853195164076 0.09944444444444445
11 0.08217616580310881 0.4565396825396825 0.028281519861830744 0.07080952380952381
5 0.16290155440414505 0.3173809523809524 0.030466321243523317 0.05026984126984127