1 0.6716148531951641 0.6955238095238095 0.082426597582038 0.15873015873015872
12 0.44564766839378234 0.8502380952380952 0.08804835924006908 0.16053968253968254
5 0.3044645941278066 0.9016507936507936 0.1459153713298791 0.1966984126984127
5 0.25955958549222796 0.7867460317460317 0.12864421416234886 0.14465079365079364
4 0.3143955094991364 0.5716349206349206 0.07424006908462867 0.12396825396825396
5 0.5782037996545768 0.643079365079365 0.054360967184801386 0.10176190476190476
12 0.6481519861830742 0.5890952380952381 0.045725388601036275 0.057301587301587305
5 0.5561830742659758 0.5486190476190476 0.027590673575129534 0.05252380952380953
5 0.5030742659758203 0.5136984126984127 0.0353713298791019 0.03347619047619048
0 0.5466839378238342 0.5065555555555555 0.02586355785837651 0.041412698412698415
5 0.42837651122625214 0.5986190476190476 0.0431433506044905 0.060476190476190475