1 0.8698359240069085 0.2121269841269841 0.04710708117443869 0.08946031746031746
12 0.0967789291882556 0.7121428571428571 0.15024179620034542 0.19542857142857142
13 0.046658031088082905 0.8667301587301587 0.09332469775474957 0.2665396825396825
12 0.5782037996545768 0.8232539682539682 0.10790155440414508 0.2526031746031746
12 0.5959067357512953 0.49147619047619046 0.06041450777202072 0.11601587301587302
12 0.5320120898100174 0.26287301587301587 0.06386873920552677 0.07469841269841271
12 0.6149050086355785 0.26842857142857146 0.06386873920552677 0.06041269841269842
12 0.7703454231433505 0.8960952380952381 0.13984455958549222 0.20780952380952378
5 0.7206908462867012 0.24065079365079367 0.06126943005181348 0.058809523809523805
5 0.7794127806563039 0.2247777777777778 0.06990500863557858 0.06833333333333333
5 0.7142141623488774 0.5256031746031746 0.09494818652849742 0.15888888888888889
5 0.8519430051813471 0.5811746031746031 0.12861830742659758 0.197
15 0.7655958549222798 0.6486349206349206 0.1458894645941278 0.26526984126984127
5 0.9331088082901554 0.7732539682539682 0.13378238341968912 0.21607936507936507
4 0.30490500863557857 0.5168888888888888 0.19170120898100174 0.32557142857142857