12 0.5410436137071651 0.39265 0.11819314641744548 0.16765
12 0.5181464174454828 0.530875 0.15302180685358255 0.2147
12 0.2295171339563863 0.763225 0.1951557632398754 0.3353
12 0.4892834890965732 0.8 0.18325545171339563 0.36469999999999997
4 0.3408411214953271 0.16765 0.11177570093457945 0.16469999999999999
0 0.1777570093457944 0.22427499999999997 0.12095015576323988 0.10735
3 0.03802180685358256 0.25955 0.05222741433021807 0.086775
12 0.9636292834890965 0.3 0.07275700934579439 0.108825
11 0.983785046728972 0.705875 0.032429906542056075 0.2
12 0.8030996884735203 0.868375 0.25014018691588785 0.26322500000000004
8 0.6702336448598131 0.11102499999999998 0.07054517133956387 0.133825
4 0.9443769470404983 0.17059999999999997 0.11123052959501557 0.17647500000000002
4 0.37933021806853584 0.1 0.07514018691588785 0.094125
4 0.42926791277258564 0.080875 0.07422118380062305 0.09705
4 0.49889408099688476 0.049275 0.055887850467289724 0.080875
4 0.7472118380062305 0.13897500000000002 0.05222741433021807 0.075